K-fold test summary for convnext_small_custom_simcc_2d_sr3.0_sigma7.0_left-only_224_200_0.0001_32
k = 5

Fold 1:
  num_images        = 112
  acc_all            = 0.888393
  acc_left           = 0.857143
  acc_right          = 0.919643
  avg_ai_error_left  = 1.831554
  avg_ai_error_right = 1.972254
  mu_ai_error        = 1.901904
  mu_dist            = 5.585813
  num_images         = 112.000000
  r2_all             = 0.733060
  r2_left            = 0.768353
  r2_pixel           = -6.731210
  r2_right           = 0.691523
  r_all              = 0.862862
  r_left             = 0.881333
  r_pixel            = 0.071423
  r_right            = 0.849203
  std_ai_error       = 1.577115
  std_dist           = 1.475425

Fold 2:
  num_images        = 112
  acc_all            = 0.901786
  acc_left           = 0.892857
  acc_right          = 0.910714
  avg_ai_error_left  = 1.911739
  avg_ai_error_right = 2.001552
  mu_ai_error        = 1.956646
  mu_dist            = 5.607632
  num_images         = 112.000000
  r2_all             = 0.779736
  r2_left            = 0.811499
  r2_pixel           = -7.043378
  r2_right           = 0.739891
  r_all              = 0.883932
  r_left             = 0.906892
  r_pixel            = 0.355333
  r_right            = 0.861877
  std_ai_error       = 1.499452
  std_dist           = 1.384466

Fold 3:
  num_images        = 112
  acc_all            = 0.910714
  acc_left           = 0.875000
  acc_right          = 0.946429
  avg_ai_error_left  = 2.100421
  avg_ai_error_right = 2.050871
  mu_ai_error        = 2.075646
  mu_dist            = 5.671981
  num_images         = 112.000000
  r2_all             = 0.713546
  r2_left            = 0.750258
  r2_pixel           = -7.050333
  r2_right           = 0.652326
  r_all              = 0.846303
  r_left             = 0.877494
  r_pixel            = 0.154691
  r_right            = 0.812745
  std_ai_error       = 1.735145
  std_dist           = 1.415402

Fold 4:
  num_images        = 112
  acc_all            = 0.892857
  acc_left           = 0.910714
  acc_right          = 0.875000
  avg_ai_error_left  = 1.786411
  avg_ai_error_right = 2.121717
  mu_ai_error        = 1.954064
  mu_dist            = 5.645934
  num_images         = 112.000000
  r2_all             = 0.705921
  r2_left            = 0.766033
  r2_pixel           = -6.615332
  r2_right           = 0.608807
  r_all              = 0.843042
  r_left             = 0.885919
  r_pixel            = 0.057902
  r_right            = 0.827181
  std_ai_error       = 1.459903
  std_dist           = 1.484830

Fold 5:
  num_images        = 111
  acc_all            = 0.891892
  acc_left           = 0.855856
  acc_right          = 0.927928
  avg_ai_error_left  = 1.896744
  avg_ai_error_right = 2.100535
  mu_ai_error        = 1.998639
  mu_dist            = 5.623350
  num_images         = 111.000000
  r2_all             = 0.703809
  r2_left            = 0.780076
  r2_pixel           = -2.843288
  r2_right           = 0.569666
  r_all              = 0.842846
  r_left             = 0.897842
  r_pixel            = 0.473680
  r_right            = 0.776479
  std_ai_error       = 1.749683
  std_dist           = 2.092215

Average ± 1 std across folds:
  acc_all            = 0.897128 ± 0.009059
  acc_left           = 0.878314 ± 0.023584
  acc_right          = 0.915943 ± 0.026412
  avg_ai_error_left  = 1.905374 ± 0.120167
  avg_ai_error_right = 2.049386 ± 0.063419
  mu_ai_error        = 1.977380 ± 0.064766
  mu_dist            = 5.626942 ± 0.033416
  num_images         = 111.800000 ± 0.447214
  r2_all             = 0.727215 ± 0.031547
  r2_left            = 0.775244 ± 0.022882
  r2_pixel           = -6.056708 ± 1.806508
  r2_right           = 0.652443 ± 0.066952
  r_all              = 0.855797 ± 0.017763
  r_left             = 0.889896 ± 0.012196
  r_pixel            = 0.222606 ± 0.183882
  r_right            = 0.825497 ± 0.033368
  std_ai_error       = 1.604260 ± 0.133078
  std_dist           = 1.570468 ± 0.294631