K-fold test summary for convnext_small_custom_direct_regression_left-only_224_200_0.0001_32
k = 5

Fold 1:
  num_images        = 112
  acc_all            = 0.883929
  acc_left           = 0.866071
  acc_right          = 0.901786
  avg_ai_error_left  = 2.079442
  avg_ai_error_right = 2.153618
  mu_ai_error        = 2.116530
  mu_dist            = 6.072576
  num_images         = 112.000000
  r2_all             = 0.677860
  r2_left            = 0.697732
  r2_pixel           = -5.352816
  r2_right           = 0.652403
  r_all              = 0.830902
  r_left             = 0.841067
  r_pixel            = -0.084721
  r_right            = 0.821084
  std_ai_error       = 1.699022
  std_dist           = 1.822633

Fold 2:
  num_images        = 112
  acc_all            = 0.897321
  acc_left           = 0.901786
  acc_right          = 0.892857
  avg_ai_error_left  = 2.098717
  avg_ai_error_right = 2.101734
  mu_ai_error        = 2.100226
  mu_dist            = 6.099361
  num_images         = 112.000000
  r2_all             = 0.742601
  r2_left            = 0.759230
  r2_pixel           = -5.209056
  r2_right           = 0.719936
  r_all              = 0.864238
  r_left             = 0.877325
  r_pixel            = 0.288361
  r_right            = 0.849689
  std_ai_error       = 1.640326
  std_dist           = 1.766653

Fold 3:
  num_images        = 112
  acc_all            = 0.883929
  acc_left           = 0.866071
  acc_right          = 0.901786
  avg_ai_error_left  = 2.282649
  avg_ai_error_right = 2.135547
  mu_ai_error        = 2.209098
  mu_dist            = 5.946384
  num_images         = 112.000000
  r2_all             = 0.678630
  r2_left            = 0.700696
  r2_pixel           = -5.825785
  r2_right           = 0.637217
  r_all              = 0.831032
  r_left             = 0.855480
  r_pixel            = 0.290246
  r_right            = 0.803847
  std_ai_error       = 1.825061
  std_dist           = 1.575221

Fold 4:
  num_images        = 112
  acc_all            = 0.906250
  acc_left           = 0.910714
  acc_right          = 0.901786
  avg_ai_error_left  = 2.062044
  avg_ai_error_right = 1.932371
  mu_ai_error        = 1.997208
  mu_dist            = 5.877012
  num_images         = 112.000000
  r2_all             = 0.703311
  r2_left            = 0.735081
  r2_pixel           = -7.050542
  r2_right           = 0.646355
  r_all              = 0.840597
  r_left             = 0.877510
  r_pixel            = 0.102333
  r_right            = 0.825170
  std_ai_error       = 1.418815
  std_dist           = 1.505554

Fold 5:
  num_images        = 111
  acc_all            = 0.887387
  acc_left           = 0.864865
  acc_right          = 0.909910
  avg_ai_error_left  = 2.018909
  avg_ai_error_right = 2.214746
  mu_ai_error        = 2.116828
  mu_dist            = 6.079769
  num_images         = 111.000000
  r2_all             = 0.698299
  r2_left            = 0.779061
  r2_pixel           = -3.304226
  r2_right           = 0.556505
  r_all              = 0.840909
  r_left             = 0.887082
  r_pixel            = 0.325671
  r_right            = 0.776053
  std_ai_error       = 1.644500
  std_dist           = 2.174852

Average ± 1 std across folds:
  acc_all            = 0.891763 ± 0.009781
  acc_left           = 0.881902 ± 0.022455
  acc_right          = 0.901625 ± 0.006033
  avg_ai_error_left  = 2.108352 ± 0.101799
  avg_ai_error_right = 2.107603 ± 0.106205
  mu_ai_error        = 2.107978 ± 0.075344
  mu_dist            = 6.015020 ± 0.097949
  num_images         = 111.800000 ± 0.447214
  r2_all             = 0.700140 ± 0.026342
  r2_left            = 0.734360 ± 0.035680
  r2_pixel           = -5.348485 ± 1.353077
  r2_right           = 0.642483 ± 0.058164
  r_all              = 0.841536 ± 0.013602
  r_left             = 0.867693 ± 0.018862
  r_pixel            = 0.184378 ± 0.174019
  r_right            = 0.815169 ± 0.027317
  std_ai_error       = 1.645545 ± 0.147072
  std_dist           = 1.768983 ± 0.261989